brick 150 450 50 50
brick 200 450 50 50
brick 250 450 50 50
brick 350 450 50 50
brick 300 450 50 50
brick 500 450 50 50
brick 450 450 50 50
brick 400 450 50 50
brick 500 450 50 50
brick 550 450 50 50
brick 600 450 50 50
brick 650 450 50 50
brick 750 450 50 50
brick 700 450 50 50
brick 800 450 50 50
brick 900 450 50 50
brick 850 450 50 50
brick 950 450 50 50
brick 1000 450 50 50
brick 1100 450 50 50
brick 1050 450 50 50
brick 1200 450 50 50
brick 1150 450 50 50
brick 1300 450 50 50
brick 1250 450 50 50
brick 0 450 50 50
brick 50 450 50 50
brick 100 450 50 50
brick 0 400 50 50
brick 0 350 50 50
brick 0 300 50 50
brick 0 250 50 50
brick 0 0 50 50
brick 0 50 50 50
brick 0 100 50 50
brick 0 150 50 50
brick 0 200 50 50
brick 1300 0 50 50
brick 1300 50 50 50
brick 1300 100 50 50
brick 1300 150 50 50
brick 1300 200 50 50
brick 1300 250 50 50
brick 1300 300 50 50
brick 1300 350 50 50
brick 1300 400 50 50
brick 50 300 50 50
brick 100 300 50 50
brick 150 300 50 50
brick 200 300 50 50
brick 50 100 50 50
brick 100 100 50 50
brick 150 100 50 50
ladder 200 300 50 100
ladder 50 100 50 150
enemy 1200 350 64 64
enemy 50 350 64 64
friendly 450 350 64 64
friendly 800 350 64 64
player 100 200 64 64
