brick 0 0 50 50
brick 0 50 50 50
brick 0 100 50 50
brick 0 150 50 50
brick 0 200 50 50
brick 0 250 50 50
brick 0 300 50 50
brick 0 350 50 50
brick 0 400 50 50
brick 0 450 50 50
brick 100 450 50 50
brick 50 450 50 50
brick 200 450 50 50
brick 150 450 50 50
brick 250 450 50 50
brick 300 450 50 50
brick 350 450 50 50
brick 400 450 50 50
brick 450 450 50 50
brick 500 450 50 50
brick 550 450 50 50
brick 650 450 50 50
brick 600 450 50 50
brick 850 450 50 50
brick 800 450 50 50
brick 750 450 50 50
brick 700 450 50 50
brick 850 0 50 50
brick 850 50 50 50
brick 850 100 50 50
brick 850 150 50 50
brick 850 200 50 50
brick 850 250 50 50
brick 850 300 50 50
brick 850 350 50 50
brick 850 400 50 50
brick 50 300 50 50
brick 100 300 50 50
brick 200 300 50 50
brick 150 300 50 50
brick 800 300 50 50
brick 750 300 50 50
brick 700 300 50 50
brick 650 300 50 50
player 450 400 50 50
smallbutton 680 255 10 20
bluespawner 400 400 50 50
bluespawner 500 400 50 50
redspawner 250 400 50 50
redspawner 650 400 50 50
ladder 700 300 50 100
